100
1 4
1 65
138 910
21 742
452 644
184 542
806 958
1 2
631 913
40 176
448 798
7 65
38 647
3 742
7 742
1 5
202 602
9 302
7 109
100 132
100 1000
3 104
620 956
3 10
1 584
303 484
409 796
3 109
3 221
10 120
1 1000
1 121
3 5
640 924
120 302
65 221
7 10
21 302
4 6
14 406
4 104
122 1000
53 606
9 109
7 484
1 484
120 122
1 742
1 10
4 742
575 756
484 584
9 122
120 484
1 104
4 485
383 503
208 419
8 584
240 405
4 584
1 221
503 964
4 65
185 825
1 1
9 584
121 584
3 4
1 6
4 302
3 484
3 9
3 65
9 485
7 221
121 122
408 905
43 67
8 122
1 9
901 961
384 742
384 484
120 221
252 850
696 821
71 460
156 479
65 122
121 484
122 483
4 4
392 561
4 484
4 121
3 6
223 478
509 825
9 10
