25
10 20
1 2 3 4 5 6 7 8 9 10
8 1 8
3 1 3
8 0
5 0
6 0
1 0
6 1 6
10 1 10
9 1 9
2 0
10 0
4 1 4
2 1 2
4 0
7 0
9 0
7 1 7
3 0
1 1 1
5 1 5
3 20
13 11 9
10 3 18 5 8
18 2 19 7
19 1 11
12 2 9 3
7 1 2
11 3 4 20 6
2 2 10 10
13 4 1 13 19 16
3 3 8 4 6
9 2 9 18
16 2 18 17
8 2 20 15
1 1 19
20 1 14
4 2 3 5
14 1 4
17 2 16 6
6 1 1
5 1 13
15 1 12
3 20
3 1 3
2 3 1 1 2
2 1 3
2 0
2 0
3 2 1 3
3 0
3 1 1
2 0
2 2 1 1
3 1 2
1 2 1 1
2 1 1
1 3 1 3 3
3 1 1
2 0
3 1 3
2 4 3 3 1 3
2 1 1
2 4 2 2 3 2
1 0
2 13
2 2
2 0
2 2 2 2
2 0
2 0
2 3 2 2 2
2 1 2
2 0
2 1 2
2 0
2 1 2
2 0
2 1 2
2 1 2
1 2
2
2 0
2 1 2
1 1
2
2 0
3 5
1 2 2
1 1 2
2 3 1 1 2
1 1 2
1 1 1
2 0
5 10
3 5 1 6 2
2 1 1
5 3 4 4 5
1 5 6 1 3 5 2
4 1 1
5 0
2 1 3
3 2 5 4
2 1 4
1 3 4 2 5
3 3 6 6 4
1 20
3
3 0
2 2 3 1
1 2 3 2
1 2 3 2
2 0
3 0
2 3 2 2 3
1 0
3 1 3
2 2 1 2
3 1 2
2 1 3
1 0
3 2 1 3
1 2 3 1
2 0
3 2 1 1
2 0
1 2 1 3
1 0
1 4
1
1 0
1 2 1 3
2 0
3 1 2
1 1
2
1 1 1
20 15
2 3 3 3 4 1 1 4 1 1 2 4 1 1 2 2 1 2 5 3
2 2 1 3
3 1 2
1 0
2 0
4 4 5 1 3 1
5 0
2 1 3
5 3 5 3 1
2 1 3
5 1 4
5 2 4 5
3 2 5 2
5 1 3
2 1 1
2 1 1
2 20
3 2
1 0
3 0
3 1 1
2 1 1
1 2 2 2
3 2 3 2
1 1 3
2 2 1 3
1 0
3 5 1 2 1 3 3
2 1 3
2 1 1
3 2 2 1
3 0
3 1 3
1 2 1 2
3 0
1 0
2 0
2 2 1 1
1 1
2
2 3 1 2 3
3 3
1 1 1
1 0
1 0
1 0
4 15
1 1 3 1
1 1 3
1 2 3 3
3 0
2 4 1 1 3 1
3 4 2 3 2 3
2 1 3
3 2 1 2
2 3 1 3 3
3 2 3 3
2 0
1 2 3 3
1 5 3 3 2 2 3
3 1 3
2 1 3
2 2 3 2
1 20
2
3 2 3 2
2 0
4 0
3 1 3
2 2 2 1
2 0
4 0
1 0
2 2 3 3
1 2 4 1
1 3 4 4 4
1 1 2
4 0
4 0
2 1 4
2 0
3 2 1 4
3 2 2 1
4 3 4 3 1
3 0
3 19
1 1 1
1 0
1 0
1 0
1 0
1 0
1 0
1 1 1
1 1 1
1 1 1
1 1 1
1 1 1
1 1 1
1 1 1
1 1 1
1 1 1
1 2 1 1
1 2 1 1
1 2 1 1
1 2 1 1
1 20
5
18 2 16 12
6 1 18
3 1 6
14 2 9 3
19 1 14
20 1 19
15 1 20
8 3 8 15 1
4 1 8
7 1 4
1 2 13 7
10 1 1
2 1 10
12 1 2
9 1 12
13 2 18 9
17 2 15 13
16 1 17
11 2 4 16
5 2 4 11
3 10
2 1 2
2 1 1
1 4 1 1 2 2
2 1 2
2 1 1
1 1 2
1 0
1 2 2 2
1 1 2
2 3 2 2 1
2 0
4 20
3 2 1 1
4 3 4 4 2
1 1 2
4 0
4 0
4 1 4
3 1 4
4 2 4 4
4 0
3 0
3 2 3 4
4 0
2 2 2 3
3 1 1
1 0
2 0
4 2 1 2
1 1 1
4 2 1 1
1 2 4 4
4 3 4 1 3
4 15
1 3 1 2
2 0
2 0
2 0
3 3 1 3 2
1 2 2 2
3 2 1 2
2 1 1
1 2 3 1
2 1 2
1 1 1
3 2 3 2
3 1 1
3 2 1 2
3 1 3
1 0
1 1
2
1 3 1 2 3
2 9
13 13
13 1 13
13 1 13
13 1 13
13 1 13
13 0
13 2 13 13
13 0
13 0
13 1 13
23 5
4 1 4 3 1 2 3 2 1 4 2 1 4 1 1 1 3 2 4 4 3 4 2
3 2 1 2
4 0
3 2 3 3
1 1 3
2 1 1
